500 333 333 666 666 666
1,1,1 1,1,1 1,1,1
500 250 250 500 750 500 250 750 750 750
1,1,1,0,0 1,1,1,1,1 1,1,1,1,1 0,1,1,1,1 0,1,1,1,1
498 220 491 610 490 752 267 383 713 382 272 520 718 522
1,0,0,1,1,0,0 0,1,1,1,1,0,0 0,1,1,0,0,1,1 1,1,0,1,1,1,0 1,1,0,1,1,0,1 0,0,1,1,0,1,0 0,0,1,0,1,0,1
304 255 724 247 532 567 304 823 795 804
1,1,1,1,0 1,1,1,0,0 1,1,1,0,1 1,0,0,1,1 0,0,1,1,1
293 758 501 280 681 767 213 443 795 413
1,1,0,0,1 1,1,1,0,0 0,1,1,1,0 0,0,1,1,1 1,0,0,1,1
286 276 603 801 760 216 192 633
1,1,0,1 1,1,1,0 0,1,1,1 1,0,1,1
